washby
1 2 3 4 5 6 9 10 11 12 14 15 16 17 18 19 20 24 25 28 29 30 33 34 35 37 39 40 44 47 50 49
sergeant
4 5 6 9 12 14 16 17 24 25 27 28 30 32 33 34 35 40 41 42 48 49 50 51 54 44 58 56 57 47
acf1904
3 6 8 10 17 22 23 30 43 46 47 49 50 52 60
Bashocko
4 5 6 9 11 13 15 16 17 19 20 23 24 31 32 46 47 52 57 58 60
jmm2103
2 3 4 6 7 8 9 12 13 14 15 16 17 18 22 23 27 28 30 31 33 35 43 45 46 47 49 50 57 58 60
KingKong
1 4 5 6 7 8 9 12 14 17 27 28 29 30 31 33 42 43 47 49 51 54 55 56 57 58
Master M
4 5 6 7 8 9 11 12 17 23 29 32 33 34 40 41 42 43 47 49 58 60
MasterM373
4 5 6 8 11 12 17 29 33 43 44 49 50 58 60
sr2002b
1 2 3 4 5 6 8 9 10 11 14 15 16 17 21 22 23 24 25 27 28 30 31 33 35 39 40 43 44 47 49 50 54 57 58
TheDude
1 2 3 4 5 6 7 9 12 14 15 16 17 18 19 20 23 24 25 27 28 30 31 35 36 37 39 43 44 46 49 50 51 52 54 57 58
rohtherizzler
1 4 5 6 9 15 17 22 24 25 28 30 31 33 34 42 46 47 50 53 54 57 58 60
Phoenix
3 4 6 9 10 11 12 15 17 30 31 35 43 46 47 49 50 60
dsouth
2 4 5 6 9 10 12 15 16 17 27 28 29 32 33 34 35 37 39 40 42 44 49 50 56 57 58 59 60
Saku77
3 4 5 6 8 9 15 17 31 35 43 47 49 50 57 58 60
