washby
1 2 3 4 5 6 9 10 11 12 14 15 16 17 18 19 20 24 25 28 29 30 33 34 35 37 39 40 44 47 50 49
sergeant
4 5 6 9 12 14 16 24 25 27 28 30 32 33 34 35 40 41 42 48 49 50 51 54 44 58 56 57 47
theLobster
0 1 2 3 4 5 6 7 8 9 10 11 12 13 14 15 16 17 18 19 20 21 22 23 24 25 26 27 28 29 30 31 32 33 34 35 36 37 38 39 40 41 42 43 44 45 46 47 48 49 50 51 52 53 54 55 56 57 58 59 60
bowen
5 6 4 2 9 10 20 19 28 29 30 35 40 44 50
Steak
60 49 47 46 27 28 16 9 13 6 4 5
DuckRice
4 6 9 60 58 49 43 33
AlexaThisIsSoSad
8 3 2 1 13 23 26 31 39 60 59 47 46 50 43 33 21 15 17 6 25 28 12 34 4 9 11 32 44 49 16 20 29 40 58 30
BoyoteBeeterson
1 3 4 6 16 12 17 19 20 23 24 25 28 30 31 32 33 34 40 43 46 47 49 52 50 58 60 9 11 18 57
mlowrey
6 21 22 23 31 46 43 11 2 10 30 50
