washby
1 2 3 4 5 6 9 10 11 12 14 15 16 17 18 19 20 24 25 28 29 30 33 34 35 37 39 40 44 47 50 49
sergeant
4 5 6 9 12 14 16 24 25 27 28 30 32 33 34 35 40 41 42 48 49 50 51 54 44 58 56 57 47
Lump001
1 3 6 2 4 9 10 11 12 16 17 19 20 23 22 24 28 29 58 26 35 43 30 31 39 44 46 40 37 49 42 50 52 53 60 5 33 57 51
kyler
1 4 6 10 15 16 17 19 18 24 32 31 33 35 49 57 58 60
MrTomallama
4 5 6 12 17 20 19 24 31 30 29 28 23 43 42 39 49 50 60 58 57 9 35 33 34 48 16
andromeduhh
2 3 4 5 6 9 10 15 16 17 18 20 24 23 30 31 33 35 36 37 42 44 47 49 52 57 58 60 50 28
stevenamando
1 4 7 9 10 13 15 16 24 28 30 33 37 40 43 44 45 46 47 49 50 58 60
lollipop
1 3 4 6 8 9 10 11 16 17 19 20 21 22 23 24 30 31 32 34 35 39 47 46 49 50 53 55 57 58 60 43 45 15
The.Physicist
1 4 5 6 7 10 9 12 13 16 17 19 20 23 24 25 28 29 30 32 33 34 37 40 43 44 46 47 48 49 50 52 53 54 57 58 60
Woodsgump
4 6 11 10 21 17 16 33 32 34 43 42 49 60 59 57 58 40 5 12 3 50
N16H7
1 4 5 6 7 8 13 16 15 17 9 12 23 25 33 35 40 46 49 60 57 58 30 10 27 28 34 47 43 44 48 18 29
EpikBacon
1 3 4 6 8 9 17 20 19 23 26 31 33 35 40 43 44 46 47 49 52 58 27 29 34 39 50 48 16 11 5 10 12
dot1809@hsutx.edu
3 6 4 7 10 11 16 17 12 9 8 51 49 40 43 58 50
